default model0 negKL ovlap: 
0.009999999776482582 1.6146402685990324E-6 0.3088022470474243 0.20000000298023224
0.004999999888241291 2.7557562134461477E-5 0.18290004134178162 0.2857142984867096
0.012500000186264515 3.256802665418945E-5 0.5235283970832825 0.2222222238779068
0.04749999940395355 0.1237812489271164 0.5269426107406616 0.1818181872367859
0.004999999888241291 8.597959094913676E-5 0.33185431361198425 0.25
0.019999999552965164 0.0 0.15034940838813782 0.4000000059604645
0.004999999888241291 2.247832526336424E-6 0.4813429117202759 0.4000000059604645
0.004999999888241291 0.0 0.39020341634750366 0.3333333432674408
0.004999999888241291 0.0 0.3740837574005127 0.3333333432674408
0.03750000149011612 0.0 0.3953580856323242 0.3333333432674408
0.02250000089406967 1.5622435603290796E-4 0.5830585360527039 0.1875
0.007499999832361937 4.403833008836955E-5 0.43814557790756226 0.1666666716337204
0.10750000178813934 4.981357487849891E-4 0.5111801028251648 0.2857142984867096
0.05249999836087227 0.089702308177948 0.0 0.2631579041481018
0.04500000178813934 1.320845913141966E-4 0.5409619212150574 0.3125
0.03750000149011612 0.0 0.40360450744628906 0.3333333432674408
0.04749999940395355 0.1220819354057312 0.4111442565917969 0.1818181872367859
0.012500000186264515 0.0 0.4776355028152466 0.5
0.08250000327825546 0.23837092518806458 0.6502126455307007 0.5
0.11249999701976776 9.205895912600681E-5 0.547789990901947 0.125
0.042500000447034836 0.13917946815490723 0.44199374318122864 0.3636363744735718
0.019999999552965164 0.0 0.43181532621383667 0.4000000059604645
0.03500000014901161 2.4921621388784843E-6 0.4188133180141449 0.4000000059604645
0.032499998807907104 0.10878100991249084 0.5209733247756958 0.375
0.06499999761581421 0.19610540568828583 0.3789931833744049 0.4545454680919647
0.054999999701976776 1.828772365115583E-4 0.4889484941959381 0.1428571492433548
0.03750000149011612 1.4602883311454207E-4 0.6257516145706177 0.25
0.019999999552965164 2.2266509768087417E-4 0.2818869650363922 0.27272728085517883
0.012500000186264515 7.506155088776723E-5 0.4434862434864044 0.375
0.10000000149011612 0.41681554913520813 0.46556925773620605 0.5833333134651184
0.05000000074505806 2.270743134431541E-4 0.40772944688796997 0.30000001192092896
0.019999999552965164 3.1116424361243844E-4 0.47533467411994934 0.2857142984867096
0.14499999582767487 0.4766940772533417 0.7313977479934692 0.375
0.07249999791383743 5.61958131584106E-6 0.22779560089111328 0.09090909361839294
0.057500001043081284 1.1794636520789936E-4 0.5262404084205627 0.30000001192092896
0.10750000178813934 0.1786036640405655 0.6405287384986877 0.5
0.12999999523162842 0.07581836730241776 0.6062478423118591 0.1666666716337204
0.1850000023841858 2.5132496375590563E-4 0.583429753780365 0.20000000298023224
0.1274999976158142 0.4779796600341797 0.6813535094261169 0.5
0.1525000035762787 0.10877664387226105 0.59349524974823 0.27272728085517883
0.2824999988079071 0.139058455824852 0.5750832557678223 0.1818181872367859
0.03500000014901161 3.42672283295542E-5 0.44883283972740173 0.1875
0.16249999403953552 7.506155088776723E-5 0.6297800540924072 0.2857142984867096
0.24250000715255737 0.0617758072912693 0.45611733198165894 0.4285714328289032
0.04500000178813934 7.367270882241428E-4 0.6187865138053894 0.2142857164144516
0.2150000035762787 0.0 0.5933360457420349 0.3333333432674408
0.3474999964237213 0.09815497696399689 0.44542327523231506 0.375
0.35499998927116394 0.21747852861881256 0.6488733887672424 0.3333333432674408
0.29249998927116394 4.0674960473552346E-4 0.5086612701416016 0.4000000059604645
0.4699999988079071 0.07575931400060654 0.4678877294063568 0.20000000298023224
0.13750000298023224 0.19237713515758514 0.5118801593780518 0.2222222238779068
0.48500001430511475 0.07042253762483597 0.7178293466567993 0.3333333432674408
0.48249998688697815 0.21776637434959412 0.7069857120513916 0.3529411852359772
0.36000001430511475 0.19412758946418762 0.6660841703414917 0.1818181872367859
0.4050000011920929 0.09904906153678894 0.5928900241851807 0.4375
0.5874999761581421 0.21750780940055847 0.629685640335083 0.4166666567325592
0.6274999976158142 0.23816074430942535 0.7515324354171753 0.25
0.5899999737739563 0.19737333059310913 0.660344660282135 0.6000000238418579
0.862500011920929 0.7143198251724243 1.0 0.8571428656578064
0.5799999833106995 0.4766886234283447 0.7183932065963745 0.375
0.5224999785423279 0.3575594425201416 0.6484642624855042 0.4375
0.7724999785423279 0.294177770614624 0.7415045499801636 0.5
0.5575000047683716 0.1388888955116272 0.8294544219970703 0.4000000059604645
0.9549999833106995 0.769311249256134 0.7292858958244324 0.8888888955116272
0.6524999737739563 0.2678617537021637 0.6749916672706604 0.7272727489471436
